300
149 34
384 276
381 178
148 302
286 341
310 165
136 59
105 11
261 391
230 57
187 98
348 82
19 68
229 86
298 277
59 296
328 321
139 273
352 59
296 374
391 291
323 376
169 394
330 283
216 198
159 377
278 81
91 56
389 327
243 217
140 112
25 194
333 330
373 110
373 283
230 115
84 149
339 340
398 395
375 105
129 35
365 140
56 365
296 101
142 130
327 393
247 176
102 125
156 86
184 49
341 219
164 235
381 292
286 162
176 69
247 109
200 391
135 42
184 379
90 323
392 142
249 334
387 286
331 131
141 12
348 292
24 194
44 232
249 167
138 72
23 145
19 175
148 266
134 283
64 182
266 377
297 99
290 192
167 18
48 299
215 245
151 365
54 362
37 353
113 135
17 208
299 342
322 263
15 195
337 23
198 83
239 30
74 312
41 215
28 35
379 29
132 361
195 198
39 328
280 190
381 59
219 33
227 237
316 317
159 27
0 326
195 125
225 204
259 134
39 219
250 393
118 242
58 207
87 54
386 294
396 87
117 44
318 146
73 397
89 265
125 313
187 17
31 266
297 266
108 356
130 52
281 173
216 304
18 175
284 356
241 316
9 36
1 338
36 45
3 383
226 147
49 182
11 190
385 290
126 32
397 11
244 26
304 311
121 32
387 163
185 266
186 274
103 45
200 292
372 393
154 42
270 355
114 266
327 70
243 175
40 166
317 306
149 390
377 302
242 90
295 240
134 207
37 238
223 170
340 267
135 318
198 248
230 162
362 108
167 114
155 86
367 52
85 322
60 318
122 331
282 295
388 353
188 203
284 171
8 51
91 398
180 148
78 62
336 390
15 356
212 344
210 81
28 386
237 115
273 124
268 374
73 141
340 252
113 310
150 159
59 176
150 262
339 275
140 374
54 377
186 267
117 18
336 8
38 313
125 12
92 214
311 261
376 342
301 233
224 248
362 210
239 313
28 170
124 291
166 296
240 209
307 137
82 54
29 339
5 95
157 149
102 198
387 19
110 24
247 129
110 73
17 62
140 119
231 83
24 220
309 395
244 88
130 38
324 174
384 233
370 141
228 40
261 115
263 294
259 365
140 380
5 337
51 200
378 192
109 296
174 54
257 232
284 132
159 344
130 97
339 146
164 380
283 330
180 372
348 23
0 91
163 369
124 25
232 43
370 349
135 114
151 314
2 23
32 111
385 314
36 38
332 55
116 18
90 214
72 275
186 237
140 76
147 216
91 119
199 60
123 359
205 249
377 254
271 207
390 336
17 34
259 183
4 192
248 313
169 321
203 327
121 353
111 311
213 187
43 4
330 150
173 100
231 52
158 395
162 184
24 175
55 40
54 315
66 84
10 103
